010011010001101000011011011110000100001110101100000010  001010000010000101000110111010010111110001010111100100
000010111000101000010110000011101111010111110011000110  001000110001001000110011111001110101100111100101111010
010001111110110100010011111000001000110111101010111001  001000011100010111101010000101001111101110011111011010
001010110101001010110101011001101010111111101111111001  000100101001100001110010010011011001110000011111110110
001010110000100011011111110011100111111010111111001100  011111100001000111100101111110010011010011010110000110
001000100011110011110101100101000001010111110001100101  010100100100110000001101001010101101110010110100000110
000011000100001000011110101010011111011011111011010001  011000000111101011000100010000000100011110100101110101
001101111110001101101010000010101000100110100111100111  100011010110001111001110110101010001000010111000100010
010101101000101101110010101000111000001111011011011111  100101001001111101101001111010000111110110011100111110
011101101100111010000111111100010010010000110011011100  000010000101011001000001000011011110101111111111101000
000001001100010001000110111100100100110111011111010001  100010100011111101000101011110101111101011000000101011
011010011000000100001100001000001010010100101011100110  000111010010000000011000000011101111110001111001100111
000100000010011100101110111001010000011010000101001111  000010000011001010010011001100111000010001111000100110
010111111010001011101100011111000100111101011110001111  010110101001010100011011110000100000100110011000100000
001010000011111000101110000101110111110000010101110101  000011110011001000010000100111100001010100100100100110
101001010100000011111011000101101011001010011110100010  001110101010100111101000010010101111100100000010101010
010001101000000101101100011111111111111101101101101011  010000000000010100000001101110101111100001111001001111
100100110111101110110111010111100110110000101001010011  001000111100010010010001111111011001101000110111110101
010100001111000101001011001010000111001111000010100100  100101000010110010011011111101001010110010111101010100
